2602656884
3431165269
3149797433
1907836032
596773485
2955562846
1342920662
3958798380
4283127295
2082038590
550453211
3624161949
768769557
35637597
3233790104
1734106508
2843957750
3444293830
3368586342
4223504454
416158241
2907552357
251561735
3481313537
4133459310
1040881121
2648094076
1292859109
372072858
2471788226
2410646448
1219636707
2647953471
2776991281
4139674256
2916366002
2466618166
2501169531
1594123700
3274012509
1941949048
1492249605
866940209
2837253542
2445146858
2076701070
837930823
1795919189
2506989638
3846054057
2045750805
1036469494
2223995929
1434974834
3535181706
2451277476
3144882541
2149588842
296594451
1336388793
2886771794
2541389530
2763746191
3049292328
3556294634
2265749452
878189365
2387322379
2652094867
1694880673
2653005646
1790674961
1293079897
1078291634
3744097287
3458040053
2532545011
863132187
4216670444
1056223351
1899372991
2705969075
542530313
3274325604
2185412073
1751197031
1854507545
2452924871
3933930471
1123947092
3045199003
2758869757
3825335755
2082651803
2529244435
1456252575
2735163698
2560328942
1469776217
122535323
